///luogu 
1000 1001 1003 1008 1012 1014 1020 1028 1029 1035 1036 1042 1046 1047 1048 1051 1055 1059 1060 1067 1068 1071 1075 1085 1088 1089 1091 1093 1098
1100 1101 1102 1111 1116 1138 1147 1149 1150 1160 1161 1162 1164 1177 1179 1195
1200 1208 1217 1219 1223
1307 1308 1317 1319 1320 1321 1328 1387
1417 1420 1421 1422 1423 1424 1425 1426 1427 1428 1443 1449 1469 1478 1482 1498
1508 1534 1553 1554 1563 1567 1579 1583 1597 1598
1603 1605 1614 1615 1616 1618 1664
1720 1739 1765 1781
1830 1838 1847 1851 1865 1867 1876 1880 1888 1897
1909 1914 1980 
2006 2084 
2141 2192 
2249
2356 2380 2393 2394
2550
2661 2676 
2705 2708 2788
2911 2945 2947 2955 2956 
3150 
3367 3370 3375 3397
3717 3741 3742 
3805 3808
3954
4136 
4325 4326 
4414 4439 4445
5015 5082 
5534

//hdu
1000 1001 1002 1039 1089 1090 1091 1092 1093 1094 
1720
2000 2006

//cf
393A
565A 565B

//算法竞赛入门经典lrj 
2-1 2-2 2-3 2-4 2-5 3-1 3-2 3-3 3-4 3-5 3-6 3-9 3-10

//lutece
48 69 70
145
2128 2132 2145 2146 2150 2151 2156 2173 2174 2176 2177 2178 2179 
2208 2209 2210 2211 2220 2221 2222 2240

//nowcoder
49-A
984ADEHIKL
949ABCEG
1086I

//leetcode
1